Log file created at: 2024/11/15 03:01:35
Running on machine: fdb8709ec188
Running duration (h:mm:ss): 0:00:00
Log line format: [IWEF]yyyymmdd hh:mm:ss.uuuuuu threadid file:line] msg
I20241115 03:01:35.685493 629766 main.cpp:15] Start test...
I20241115 03:01:35.686698 629766 test_homework.cpp:41] -------------------before padding-------------------
I20241115 03:01:35.686780 629766 tensor.cpp:209] Channel: 0
I20241115 03:01:35.686836 629766 tensor.cpp:210] 
   1.0000   1.0000   1.0000   1.0000   1.0000
   1.0000   1.0000   1.0000   1.0000   1.0000
   1.0000   1.0000   1.0000   1.0000   1.0000
   1.0000   1.0000   1.0000   1.0000   1.0000
I20241115 03:01:35.690735 629766 tensor.cpp:209] Channel: 1
I20241115 03:01:35.691025 629766 tensor.cpp:210] 
   1.0000   1.0000   1.0000   1.0000   1.0000
   1.0000   1.0000   1.0000   1.0000   1.0000
   1.0000   1.0000   1.0000   1.0000   1.0000
   1.0000   1.0000   1.0000   1.0000   1.0000
I20241115 03:01:35.691165 629766 tensor.cpp:209] Channel: 2
I20241115 03:01:35.691265 629766 tensor.cpp:210] 
   1.0000   1.0000   1.0000   1.0000   1.0000
   1.0000   1.0000   1.0000   1.0000   1.0000
   1.0000   1.0000   1.0000   1.0000   1.0000
   1.0000   1.0000   1.0000   1.0000   1.0000
I20241115 03:01:35.691387 629766 test_homework.cpp:44] -------------------after padding-------------------
I20241115 03:01:35.691485 629766 tensor.cpp:209] Channel: 0
I20241115 03:01:35.691582 629766 tensor.cpp:210] 
        0        0        0        0        0        0        0        0        0        0        0        0
        0        0        0   1.0000   1.0000   1.0000   1.0000   1.0000        0        0        0        0
        0        0        0   1.0000   1.0000   1.0000   1.0000   1.0000        0        0        0        0
        0        0        0   1.0000   1.0000   1.0000   1.0000   1.0000        0        0        0        0
        0        0        0   1.0000   1.0000   1.0000   1.0000   1.0000        0        0        0        0
        0        0        0        0        0        0        0        0        0        0        0        0
        0        0        0        0        0        0        0        0        0        0        0        0
I20241115 03:01:35.691762 629766 tensor.cpp:209] Channel: 1
I20241115 03:01:35.692461 629766 tensor.cpp:210] 
        0        0        0        0        0        0        0        0        0        0        0        0
        0        0        0   1.0000   1.0000   1.0000   1.0000   1.0000        0        0        0        0
        0        0        0   1.0000   1.0000   1.0000   1.0000   1.0000        0        0        0        0
        0        0        0   1.0000   1.0000   1.0000   1.0000   1.0000        0        0        0        0
        0        0        0   1.0000   1.0000   1.0000   1.0000   1.0000        0        0        0        0
        0        0        0        0        0        0        0        0        0        0        0        0
        0        0        0        0        0        0        0        0        0        0        0        0
I20241115 03:01:35.693055 629766 tensor.cpp:209] Channel: 2
I20241115 03:01:35.693383 629766 tensor.cpp:210] 
        0        0        0        0        0        0        0        0        0        0        0        0
        0        0        0   1.0000   1.0000   1.0000   1.0000   1.0000        0        0        0        0
        0        0        0   1.0000   1.0000   1.0000   1.0000   1.0000        0        0        0        0
        0        0        0   1.0000   1.0000   1.0000   1.0000   1.0000        0        0        0        0
        0        0        0   1.0000   1.0000   1.0000   1.0000   1.0000        0        0        0        0
        0        0        0        0        0        0        0        0        0        0        0        0
        0        0        0        0        0        0        0        0        0        0        0        0
